ts,enso1,remove
1870.0000,-0.960789,
1870.0834,-1.18087,
1870.1666,-0.770550,
1870.2500,-0.734835,
1870.3334,-1.18979,
1870.4166,-0.987436,
1870.5000,-0.919346,
1870.5834,-0.797125,
1870.6666,-0.475054,
1870.7500,-0.874382,
1870.8334,-0.734804,
1870.9166,-0.780357,
1871.0000,-0.196669,
1871.0834,-0.564884,
1871.1666,-0.376089,
1871.2500,-0.429966,
1871.3334,-0.624329,
1871.4166,-0.435986,
1871.5000,-0.481686,
1871.5834,-0.242195,
1871.6666,-0.181084,
1871.7500,-0.280622,
1871.8334,-0.238005,
1871.9166,-0.556187,
1872.0000,-0.665409,
1872.0834,-0.606184,
1872.1666,-0.449430,
1872.2500,-0.700035,
1872.3334,-0.537619,
1872.4166,-0.432636,
1872.5000,-0.200026,
1872.5834,-0.765755,
1872.6666,-0.961565,
1872.7500,-0.897081,
1872.8334,-0.735674,
1872.9166,-0.859657,
1873.0000,-0.734459,
1873.0834,-0.997503,
1873.1666,-1.25541,
1873.2500,-0.594425,
1873.3334,-0.448580,
1873.4166,-0.380806,
1873.5000,-0.455126,
1873.5834,-0.303225,
1873.6666,-0.280264,
1873.7500,-0.725412,
1873.8334,-0.714514,
1873.9166,-0.687757,
1874.0000,-0.891060,
1874.0834,-1.05517,
1874.1666,-1.35529,
1874.2500,-0.874575,
1874.3334,-0.782990,
1874.4166,-0.633625,
1874.5000,-0.893045,
1874.5834,-0.978405,
1874.6666,-1.07768,
1874.7500,-1.19778,
1874.8334,-1.26558,
1874.9166,-1.12264,
1875.0000,-0.667139,
1875.0834,-0.361464,
1875.1666,-0.541210,
1875.2500,-0.794556,
1875.3334,-1.00500,
1875.4166,-0.665665,
1875.5000,-0.725386,
1875.5834,-0.719074,
1875.6666,-0.848925,
1875.7500,-0.778912,
1875.8334,-0.575594,
1875.9166,-0.733778,
1876.0000,-0.900089,
1876.0834,-1.18644,
1876.1666,-1.08263,
1876.2500,-1.11302,
1876.3334,-1.00942,
1876.4166,-0.342995,
1876.5000,-0.225487,
1876.5834,-0.762157E-01
1876.6666,0.363350E-01
1876.7500,0.168028,
1876.8334,0.215565,
1876.9166,0.246042,
1877.0000,0.402201,
1877.0834,0.467297,
1877.1666,0.572411,
1877.2500,0.573395,
1877.3334,0.842510,
1877.4166,1.07464,
1877.5000,1.54055,
1877.5834,1.63641,
1877.6666,1.81496,
1877.7500,2.00849,
1877.8334,2.15948,
1877.9166,2.51786,
1878.0000,2.47753,
1878.0834,2.45280,
1878.1666,1.36597,
1878.2500,0.993685,
1878.3334,0.907181,
1878.4166,1.01352,
1878.5000,0.368895,
1878.5834,-0.317650E-01
1878.6666,-0.263393,
1878.7500,-0.486313,
1878.8334,-0.646114,
1878.9166,-0.742807,
1879.0000,-0.499979,
1879.0834,-0.170874,
1879.1666,-0.187630,
1879.2500,-0.302206,
1879.3334,-0.751270,
1879.4166,-0.571686,
1879.5000,-0.643036,
1879.5834,-0.608595,
1879.6666,-0.770655,
1879.7500,-0.881922,
1879.8334,-1.07259,
1879.9166,-1.01047,
1880.0000,-0.956600,
1880.0834,-0.717674,
1880.1666,-0.572371,
1880.2500,-0.496315,
1880.3334,-0.629429,
1880.4166,-0.517485,
1880.5000,-0.413586,
1880.5834,-0.155476,
1880.6666,0.359554E-01
1880.7500,0.223028,
1880.8334,0.306896,
1880.9166,0.199802,
1881.0000,0.339941,
1881.0834,0.242437,
1881.1666,0.369341,
1881.2500,0.475624,
1881.3334,0.242361,
1881.4166,0.321255,
1881.5000,-0.145027,
1881.5834,-0.853844E-01
1881.6666,-0.277414,
1881.7500,-0.374641,
1881.8334,-0.531096,
1881.9166,-0.354067,
1882.0000,-0.404049,
1882.0834,-0.541153,
1882.1666,-0.482899,
1882.2500,0.165314,
1882.3334,0.913715E-01
1882.4166,-0.317585,
1882.5000,-0.463017,
1882.5834,-0.253904,
1882.6666,-0.456964,
1882.7500,-0.604563,
1882.8334,-0.857475,
1882.9166,-0.740198,
1883.0000,-0.416519,
1883.0834,-0.483463,
1883.1666,-0.352030,
1883.2500,-0.154955,
1883.3334,-0.295359,
1883.4166,-0.112555,
1883.5000,0.110764,
1883.5834,0.638657E-01
1883.6666,-0.109585,
1883.7500,-0.372622,
1883.8334,-0.158884,
1883.9166,-0.127317,
1884.0000,-0.665398E-01
1884.0834,0.762939E-04
1884.1666,0.486298E-01
1884.2500,0.334225,
1884.3334,0.480501,
1884.4166,-0.438461E-01
1884.5000,0.400154,
1884.5834,0.288746,
1884.6666,0.242105,
1884.7500,0.345718,
1884.8334,0.370575,
1884.9166,0.370592,
1885.0000,0.179441,
1885.0834,0.287746,
1885.1666,0.170210,
1885.2500,0.498543E-01
1885.3334,0.514671,
1885.4166,0.253714,
1885.5000,0.191994,
1885.5834,0.419155,
1885.6666,0.574495,
1885.7500,0.770008,
1885.8334,0.869036,
1885.9166,1.04294,
1886.0000,0.214970,
1886.0834,-0.901928E-01
1886.1666,-0.708904E-01
1886.2500,-0.302895,
1886.3334,-0.773190,
1886.4166,-0.811405,
1886.5000,-0.853966,
1886.5834,-0.942434,
1886.6666,-1.14955,
1886.7500,-1.08793,
1886.8334,-1.28581,
1886.9166,-1.42204,
1887.0000,-0.631210,
1887.0834,-1.01989,
1887.1666,-1.12800,
1887.2500,-1.10752,
1887.3334,-1.06193,
1887.4166,-0.469606,
1887.5000,-0.427687,
1887.5834,-0.541115,
1887.6666,-0.286274,
1887.7500,-0.750217E-01
1887.8334,0.950260E-01
1887.9166,0.168583,
1888.0000,0.198931,
1888.0834,0.672577,
1888.1666,0.447531,
1888.2500,0.372154,
1888.3334,0.559031,
1888.4166,0.490845,
1888.5000,0.679064,
1888.5834,1.01440,
1888.6666,0.649326,
1888.7500,1.47641,
1888.8334,2.28341,
1888.9166,1.69864,
1889.0000,2.04689,
1889.0834,1.49084,
1889.1666,0.885721,
1889.2500,0.540405,
1889.3334,0.407711,
1889.4166,0.188625,
1889.5000,-0.642675,
1889.5834,-0.914154,
1889.6666,-0.863684,
1889.7500,-1.26081,
1889.8334,-1.01867,
1889.9166,-1.22787,
1890.0000,-2.44057,
1890.0834,-2.09787,
1890.1666,-1.09614,
1890.2500,-1.07566,
1890.3334,-0.917099,
1890.4166,-0.768795,
1890.5000,-0.799797,
1890.5834,-1.28831,
1890.6666,-1.22982,
1890.7500,-1.20902,
1890.8334,-1.00718,
1890.9166,-0.665956,
1891.0000,-0.401279,
1891.0834,-0.242304,
1891.1666,-0.186501E-01
1891.2500,0.216345,
1891.3334,0.212101,
1891.4166,0.381304,
1891.5000,0.235483,
1891.5834,0.137835,
1891.6666,-0.233345E-01
1891.7500,0.181580E-01
1891.8334,0.119205,
1891.9166,0.272331E-01
1892.0000,-0.454620,
1892.0834,-0.330124,
1892.1666,-0.529140,
1892.2500,-0.581566,
1892.3334,-0.645790,
1892.4166,-0.478035,
1892.5000,-0.505047,
1892.5834,-0.538074,
1892.6666,-1.01078,
1892.7500,-1.49688,
1892.8334,-1.56413,
1892.9166,-1.16897,
1893.0000,-1.18826,
1893.0834,-1.15110,
1893.1666,-1.18798,
1893.2500,-1.23081,
1893.3334,-1.23295,
1893.4166,-1.08718,
1893.5000,-1.18889,
1893.5834,-1.19620,
1893.6666,-1.20972,
1893.7500,-1.30551,
1893.8334,-1.23234,
1893.9166,-0.978407,
1894.0000,-1.03299,
1894.0834,-1.11401,
1894.1666,-1.00348,
1894.2500,-0.842556,
1894.3334,-0.912369,
1894.4166,-0.741066,
1894.5000,-0.762066,
1894.5834,-0.720684,
1894.6666,-1.04224,
1894.7500,-0.767813,
1894.8334,-0.855284,
1894.9166,-0.463127,
1895.0000,-0.676609,
1895.0834,-0.472313,
1895.1666,-0.349400,
1895.2500,-0.955849E-01
1895.3334,0.540199E-01
1895.4166,-0.114925,
1895.5000,-0.139175,
1895.5834,0.445406,
1895.6666,0.480436,
1895.7500,0.376907,
1895.8334,0.513226,
1895.9166,0.504013,
1896.0000,0.212780,
1896.0834,0.110287,
1896.1666,0.206690,
1896.2500,0.686340E-01
1896.3334,0.437012E-01
1896.4166,-0.112436,
1896.5000,0.554064,
1896.5834,1.13345,
1896.6666,1.09909,
1896.7500,1.15287,
1896.8334,1.58203,
1896.9166,1.58121,
1897.0000,1.54705,
1897.0834,1.15748,
1897.1666,0.597750,
1897.2500,-0.149345,
1897.3334,-0.883503E-01
1897.4166,0.696640E-01
1897.5000,0.184814,
1897.5834,-0.660343E-01
1897.6666,-0.188654,
1897.7500,-0.513601,
1897.8334,-0.539875,
1897.9166,-0.378498,
1898.0000,-0.452360,
1898.0834,-0.550303,
1898.1666,-0.736259,
1898.2500,-0.536505,
1898.3334,-0.498760,
1898.4166,-0.189716,
1898.5000,-0.513046,
1898.5834,-0.677364,
1898.6666,-0.126724,
1898.7500,-0.277672,
1898.8334,-0.591415,
1898.9166,-0.766518,
1899.0000,-0.691549,
1899.0834,-0.689974,
1899.1666,-0.507780,
1899.2500,-0.263735,
1899.3334,0.126371,
1899.4166,0.189295,
1899.5000,0.100113,
1899.5834,0.725075,
1899.6666,0.495216,
1899.7500,0.975828,
1899.8334,1.35588,
1899.9166,1.52922,
1900.0000,1.47360,
1900.0834,1.31485,
1900.1666,1.04526,
1900.2500,0.735954,
1900.3334,0.624380,
1900.4166,0.857225,
1900.5000,0.869514,
1900.5834,0.864256,
1900.6666,0.615026,
1900.7500,0.464338,
1900.8334,0.197046,
1900.9166,0.618282,
1901.0000,0.865360,
1901.0834,0.306286,
1901.1666,0.957012E-01
1901.2500,-0.599155E-01
1901.3334,-0.111780,
1901.4166,-0.167805,
1901.5000,-0.181746,
1901.5834,-0.295195,
1901.6666,-0.246325,
1901.7500,-0.266361,
1901.8334,-0.330605,
1901.9166,-0.328917,
1902.0000,-0.443800,
1902.0834,-0.248863,
1902.1666,-0.217279,
1902.2500,0.271164,
1902.3334,0.549320,
1902.4166,0.861475,
1902.5000,1.57045,
1902.5834,1.30490,
1902.6666,1.49619,
1902.7500,1.45069,
1902.8334,1.61354,
1902.9166,1.41901,
1903.0000,1.38657,
1903.0834,0.948616,
1903.1666,0.846790,
1903.2500,0.431185,
1903.3334,-0.188503E-01
1903.4166,0.381124,
1903.5000,-0.370617,
1903.5834,-0.241634,
1903.6666,-0.546755,
1903.7500,-0.375002,
1903.8334,-0.701405,
1903.9166,-1.00366,
1904.0000,-0.676619,
1904.0834,-0.772074,
1904.1666,-0.802639,
1904.2500,-0.652296,
1904.3334,-0.305580,
1904.4166,0.236174,
1904.5000,0.876724,
1904.5834,0.629656,
1904.6666,0.628357E-01
1904.7500,0.964527,
1904.8334,0.225195,
1904.9166,0.876892,
1905.0000,0.735071,
1905.0834,0.731567,
1905.1666,0.981121,
1905.2500,0.364105,
1905.3334,1.16630,
1905.4166,0.690834,
1905.5000,0.940964,
1905.5834,1.12966,
1905.6666,1.48516,
1905.7500,1.17434,
1905.8334,0.900635,
1905.9166,1.19297,
1906.0000,0.953531,
1906.0834,0.689596,
1906.1666,0.846670,
1906.2500,0.525394,
1906.3334,0.998898E-01
1906.4166,0.240175,
1906.5000,-0.381765,
1906.5834,-0.291105,
1906.6666,-0.753763,
1906.7500,-0.815283,
1906.8334,-0.267994,
1906.9166,-0.502787,
1907.0000,-0.529100,
1907.0834,-0.397984,
1907.1666,-0.382771,
1907.2500,-0.488506,
1907.3334,-0.389729,
1907.4166,-0.314045,
1907.5000,-0.431786,
1907.5834,-0.575874,
1907.6666,0.190817,
1907.7500,-0.196993,
1907.8334,-0.187635,
1907.9166,-0.706482E-01
1908.0000,-0.221930,
1908.0834,0.901871E-01
1908.1666,-0.575720,
1908.2500,-0.470146,
1908.3334,-0.378420,
1908.4166,-0.123756,
1908.5000,-0.516626,
1908.5834,-0.316284,
1908.6666,-0.470203,
1908.7500,-0.452963,
1908.8334,-0.812134,
1908.9166,-1.13812,
1909.0000,-0.232130,
1909.0834,-0.864784,
1909.1666,-0.486010,
1909.2500,-0.615835,
1909.3334,-0.287489,
1909.4166,-1.00558,
1909.5000,-0.880566,
1909.5834,-0.885216,
1909.6666,-0.792805,
1909.7500,-1.19646,
1909.8334,-1.44615,
1909.9166,-1.06415,
1910.0000,-0.875460,
1910.0834,-0.626734,
1910.1666,-0.740191,
1910.2500,-1.10271,
1910.3334,-1.32713,
1910.4166,-0.944845,
1910.5000,-0.754745,
1910.5834,-0.812044,
1910.6666,-1.22741,
1910.7500,-0.879871,
1910.8334,-0.454704,
1910.9166,-0.617567,
1911.0000,-0.515249,
1911.0834,-0.570084,
1911.1666,-0.766689,
1911.2500,-1.03749,
1911.3334,-0.972528,
1911.4166,-0.542376,
1911.5000,-0.964756E-01
1911.5834,-0.188745,
1911.6666,0.289267,
1911.7500,0.257238,
1911.8334,0.910496,
1911.9166,0.994282,
1912.0000,1.60827,
1912.0834,0.851437,
1912.1666,0.742720,
1912.2500,0.655884,
1912.3334,0.918903E-01
1912.4166,-0.152935,
1912.5000,0.133533E-01
1912.5834,-0.314276,
1912.6666,0.154076,
1912.7500,-0.794926E-01
1912.8334,0.232944,
1912.9166,-0.469967,
1913.0000,-0.143240,
1913.0834,0.197416,
1913.1666,0.208780,
1913.2500,-0.704746,
1913.3334,-0.199509,
1913.4166,-0.561447E-01
1913.5000,-0.249767E-01
1913.5834,0.239563E-02
1913.6666,0.103867,
1913.7500,0.838280E-01
1913.8334,0.868114,
1913.9166,0.870302,
1914.0000,0.757690,
1914.0834,0.814306,
1914.1666,0.376740,
1914.2500,0.772964,
1914.3334,0.897999E-01
1914.4166,0.167044,
1914.5000,0.652073,
1914.5834,1.01258,
1914.6666,0.744347,
1914.7500,0.307537,
1914.8334,0.372246,
1914.9166,0.702732,
1915.0000,0.937180,
1915.0834,0.666126,
1915.1666,0.543131,
1915.2500,0.547024,
1915.3334,0.600220,
1915.4166,1.19800,
1915.5000,0.183653,
1915.5834,0.136206,
1915.6666,0.226767,
1915.7500,0.290148,
1915.8334,-0.874939E-01
1915.9166,-0.218798,
1916.0000,-0.670300E-01
1916.0834,-0.596264,
1916.1666,-0.492119,
1916.2500,-0.570715,
1916.3334,-0.151489,
1916.4166,-0.276855,
1916.5000,-0.994846,
1916.5834,-1.40318,
1916.6666,-1.30368,
1916.7500,-1.31315,
1916.8334,-1.66538,
1916.9166,-1.63549,
1917.0000,-1.52465,
1917.0834,-1.20602,
1917.1666,-0.591690,
1917.2500,-0.218725,
1917.3334,-0.207479,
1917.4166,0.616341E-01
1917.5000,0.751343E-01
1917.5834,0.247875,
1917.6666,0.387955E-01
1917.7500,0.904789E-01
1917.8334,-0.361115,
1917.9166,-0.710876,
1918.0000,-0.796329,
1918.0834,-0.810684,
1918.1666,-0.906719,
1918.2500,-0.481535,
1918.3334,-0.771103E-01
1918.4166,0.474195,
1918.5000,0.491734E-01
1918.5834,0.210695,
1918.6666,0.469215,
1918.7500,0.985918,
1918.8334,1.30486,
1918.9166,1.32798,
1919.0000,1.65285,
1919.0834,1.25378,
1919.1666,0.948050,
1919.2500,0.758404,
1919.3334,0.712111,
1919.4166,0.704084,
1919.5000,0.528463,
1919.5834,0.716116,
1919.6666,0.568007,
1919.7500,0.187967,
1919.8334,-0.298914,
1919.9166,0.364243,
1920.0000,0.692860,
1920.0834,0.622356,
1920.1666,0.581711,
1920.2500,-0.892658E-01
1920.3334,-0.126230,
1920.4166,0.383554,
1920.5000,0.262014,
1920.5834,0.217384,
1920.6666,0.328707,
1920.7500,0.528818,
1920.8334,-0.181351E-01
1920.9166,0.140133E-01
1921.0000,0.490091,
1921.0834,-0.499174,
1921.1666,-1.37206,
1921.2500,-0.481306,
1921.3334,-0.841780,
1921.4166,-0.119936,
1921.5000,-0.155577,
1921.5834,-0.211796,
1921.6666,-0.113113,
1921.7500,0.885887E-01
1921.8334,-0.973114,
1921.9166,-0.494837,
1922.0000,-0.495909,
1922.0834,-0.542736E-01
1922.1666,0.129971,
1922.2500,-0.474915,
1922.3334,0.305882,
1922.4166,-0.349155,
1922.5000,-0.329416,
1922.5834,-0.709595,
1922.6666,-0.324694,
1922.7500,-0.201403,
1922.8334,-0.248545,
1922.9166,-0.511198,
1923.0000,-0.361990,
1923.0834,-0.753223,
1923.1666,-0.810480,
1923.2500,-0.484325,
1923.3334,-0.163849,
1923.4166,-0.584259E-01
1923.5000,-0.804462E-01
1923.5834,0.284325,
1923.6666,0.704016,
1923.7500,0.834938,
1923.8334,0.921715,
1923.9166,1.03460,
1924.0000,0.510601,
1924.0834,0.645346,
1924.1666,0.439240,
1924.2500,0.501251E-01
1924.3334,-0.767040,
1924.4166,-0.577515,
1924.5000,-0.864376,
1924.5834,-0.696924,
1924.6666,-0.801985,
1924.7500,-0.400393,
1924.8334,-1.02144,
1924.9166,-0.640808,
1925.0000,-0.968029,
1925.0834,-0.444534,
1925.1666,-0.465710,
1925.2500,-0.446596,
1925.3334,-0.310469,
1925.4166,-0.798264E-01
1925.5000,0.629454,
1925.5834,0.767996,
1925.6666,0.829256,
1925.7500,0.902838,
1925.8334,1.07091,
1925.9166,1.62416,
1926.0000,1.57872,
1926.0834,1.31568,
1926.1666,1.24671,
1926.2500,1.09186,
1926.3334,0.917610,
1926.4166,0.702074,
1926.5000,0.753075,
1926.5834,0.236956,
1926.6666,-0.141144E-01
1926.7500,-0.332052,
1926.8334,-0.199644,
1926.9166,-0.201937,
1927.0000,0.154541,
1927.0834,0.254436,
1927.1666,-0.115110,
1927.2500,-0.194616,
1927.3334,-0.506460,
1927.4166,-0.538158E-01
1927.5000,-0.194977,
1927.5834,-0.804520E-02
1927.6666,-0.973434E-01
1927.7500,0.321638,
1927.8334,0.252151E-01
1927.9166,0.264282,
1928.0000,0.518141,
1928.0834,0.228407,
1928.1666,-0.192959,
1928.2500,-0.147856,
1928.3334,0.437508E-01
1928.4166,-0.173496,
1928.5000,0.140024,
1928.5834,-0.202246,
1928.6666,-0.674648E-01
1928.7500,-0.704517E-01
1928.8334,-0.107685,
1928.9166,-0.526810E-02
1929.0000,-0.930004E-01
1929.0834,-0.557842E-01
1929.1666,-0.896301E-01
1929.2500,-0.772362E-01
1929.3334,-0.777988E-01
1929.4166,0.218914,
1929.5000,0.976334E-01
1929.5834,0.191666,
1929.6666,0.359085,
1929.7500,0.454508,
1929.8334,0.248575,
1929.9166,0.646563,
1930.0000,0.395290,
1930.0834,0.396036,
1930.1666,0.342571,
1930.2500,0.485905,
1930.3334,0.426998E-01
1930.4166,0.362114,
1930.5000,0.762943,
1930.5834,0.774555,
1930.6666,1.34899,
1930.7500,1.19442,
1930.8334,1.85950,
1930.9166,1.43990,
1931.0000,1.54567,
1931.0834,1.35338,
1931.1666,1.24496,
1931.2500,1.04399,
1931.3334,0.715321,
1931.4166,0.564804,
1931.5000,0.518583,
1931.5834,0.226015,
1931.6666,-0.364565,
1931.7500,-0.162432,
1931.8334,-0.208324,
1931.9166,-0.252098,
1932.0000,-0.362900,
1932.0834,-0.172583,
1932.1666,0.305960,
1932.2500,0.334614,
1932.3334,0.365850,
1932.4166,0.281584,
1932.5000,0.745392E-02
1932.5834,0.179806,
1932.6666,0.856152E-01
1932.7500,0.643272E-01
1932.8334,0.201645E-01
1932.9166,-0.387188,
1933.0000,-0.171890,
1933.0834,-0.696735E-01
1933.1666,-0.148540,
1933.2500,0.841541E-01
1933.3334,-0.315870,
1933.4166,-0.764786,
1933.5000,-0.545696,
1933.5834,-0.859634,
1933.6666,-0.709154,
1933.7500,-1.04633,
1933.8334,-1.00066,
1933.9166,-1.18697,
1934.0000,-0.877680,
1934.0834,-0.848413,
1934.1666,-0.882969,
1934.2500,-0.346676,
1934.3334,-0.406269,
1934.4166,-0.245646,
1934.5000,-0.308386,
1934.5834,-0.241005,
1934.6666,-0.465075,
1934.7500,-0.204943,
1934.8334,-0.386543E-01
1934.9166,-0.226347,
1935.0000,-0.263960,
1935.0834,-0.173004,
1935.1666,-0.228519,
1935.2500,-0.239885,
1935.3334,-0.455450,
1935.4166,-0.313946,
1935.5000,-0.534416,
1935.5834,0.141356,
1935.6666,0.140387,
1935.7500,0.325897,
1935.8334,0.347815,
1935.9166,-0.247784E-01
1936.0000,0.792330,
1936.0834,0.510977,
1936.1666,0.513496E-01
1936.2500,0.367844,
1936.3334,0.132713E-01
1936.4166,-0.262686,
1936.5000,-0.228527,
1936.5834,-0.238026,
1936.6666,-0.466042E-01
1936.7500,0.437847,
1936.8334,0.337162E-01
1936.9166,0.650333,
1937.0000,-0.259550,
1937.0834,0.311186,
1937.1666,0.296600,
1937.2500,0.290905,
1937.3334,-0.347010,
1937.4166,-0.207176,
1937.5000,0.208954,
1937.5834,-0.119265,
1937.6666,0.241056,
1937.7500,-0.491714E-01
1937.8334,0.278896,
1937.9166,0.240133,
1938.0000,-0.158529,
1938.0834,0.244587,
1938.1666,-0.134792E-01
1938.2500,0.161594,
1938.3334,-0.246040,
1938.4166,-0.796135,
1938.5000,-0.873796,
1938.5834,-0.727394,
1938.6666,-0.232275,
1938.7500,-0.698982,
1938.8334,-0.661995,
1938.9166,-0.780807,
1939.0000,-0.623480,
1939.0834,-0.944283,
1939.1666,-0.808010,
1939.2500,-0.199656,
1939.3334,-0.171570,
1939.4166,0.149055,
1939.5000,0.370434,
1939.5834,0.150585,
1939.6666,0.485907,
1939.7500,-0.410313,
1939.8334,0.396116,
1939.9166,0.606422E-01
1940.0000,1.24524,
1940.0834,1.40224,
1940.1666,1.24732,
1940.2500,0.881634,
1940.3334,0.423710,
1940.4166,0.640505,
1940.5000,0.318933,
1940.5834,0.839584,
1940.6666,0.104647,
1940.7500,0.370548,
1940.8334,0.754196,
1940.9166,1.41610,
1941.0000,1.43290,
1941.0834,1.36720,
1941.1666,1.46726,
1941.2500,1.43110,
1941.3334,1.40429,
1941.4166,0.981014,
1941.5000,0.839844,
1941.5834,0.866594,
1941.6666,0.735106,
1941.7500,1.03690,
1941.8334,1.23678,
1941.9166,1.29495,
1942.0000,0.659220,
1942.0834,0.535086,
1942.1666,0.306700,
1942.2500,0.642595,
1942.3334,-0.156689E-01
1942.4166,-0.430075,
1942.5000,-0.438906,
1942.5834,-0.882126,
1942.6666,-1.11796,
1942.7500,-1.28157,
1942.8334,-1.45267,
1942.9166,-1.22941,
1943.0000,-1.15017,
1943.0834,-1.17421,
1943.1666,-1.05345,
1943.2500,-0.524405,
1943.3334,-0.278500,
1943.4166,-0.154858E-01
1943.5000,0.257244E-01
1943.5834,0.133976,
1943.6666,-0.178215,
1943.7500,-0.393541,
1943.8334,-0.425776,
1943.9166,-0.405407,
1944.0000,-0.381020,
1944.0834,0.177277,
1944.1666,-0.158710,
1944.2500,0.186054,
1944.3334,0.216421,
1944.4166,0.122534,
1944.5000,0.192514,
1944.5834,0.809059E-01
1944.6666,-0.263525,
1944.7500,-0.176802,
1944.8334,-0.295364,
1944.9166,-0.243797,
1945.0000,-0.304119,
1945.0834,-0.457464,
1945.1666,-0.737619,
1945.2500,-0.686926,
1945.3334,-0.367720,
1945.4166,-0.499315,
1945.5000,-0.495747,
1945.5834,-0.760836,
1945.6666,-0.772694,
1945.7500,-0.818003,
1945.8334,-0.362135,
1945.9166,-0.524887,
1946.0000,-0.397079,
1946.0834,-0.225233,
1946.1666,-0.309160,
1946.2500,-0.415445,
1946.3334,-0.318710,
1946.4166,0.231045,
1946.5000,0.140924,
1946.5834,-0.447975,
1946.6666,-0.141113,
1946.7500,0.397377E-01
1946.8334,-0.117435,
1946.9166,0.368423E-01
1947.0000,0.442440,
1947.0834,-0.115833,
1947.1666,0.337070,
1947.2500,0.225067E-03
1947.3334,-0.469149,
1947.4166,0.156204,
1947.5000,-0.270306,
1947.5834,-0.283844,
1947.6666,-0.996553,
1947.7500,-0.764381,
1947.8334,-0.663065,
1947.9166,0.195782,
1948.0000,0.959396E-01
1948.0834,0.388077,
1948.1666,0.685131,
1948.2500,0.319685,
1948.3334,0.379820,
1948.4166,0.135675,
1948.5000,0.534344E-01
1948.5834,0.645657E-01
1948.6666,0.372562E-01
1948.7500,-0.634672,
1948.8334,-0.240805,
1948.9166,0.401903,
1949.0000,-0.423870,
1949.0834,0.266586,
1949.1666,-0.509270,
1949.2500,0.268435,
1949.3334,0.100613E-01
1949.4166,-0.636705,
1949.5000,-0.270697,
1949.5834,-0.238735,
1949.6666,-0.594105,
1949.7500,-0.679132,
1949.8334,-1.26258,
1949.9166,-1.19016,
1950.0000,-1.01098,
1950.0834,-1.49652,
1950.1666,-1.02108,
1950.2500,-0.837475,
1950.3334,-1.22823,
1950.4166,-0.776775,
1950.5000,-0.962656,
1950.5834,-0.545944,
1950.6666,-1.04695,
1950.7500,-0.775782,
1950.8334,-1.31488,
1950.9166,-1.02325,
1951.0000,-1.07497,
1951.0834,-0.714573,
1951.1666,-0.721540,
1951.2500,-0.905952E-01
1951.3334,-0.130386E-01
1951.4166,0.719452E-02
1951.5000,0.784254,
1951.5834,0.987135,
1951.6666,0.723585,
1951.7500,0.843958,
1951.8334,0.853695,
1951.9166,0.731262,
1952.0000,0.433641,
1952.0834,0.248987,
1952.1666,0.909100E-01
1952.2500,0.481344,
1952.3334,-0.306269,
1952.4166,-0.580095,
1952.5000,-0.478916,
1952.5834,-0.345236,
1952.6666,-0.309244,
1952.7500,0.113277E-01
1952.8334,-0.267374,
1952.9166,-0.538767,
1953.0000,0.407400,
1953.0834,0.252377,
1953.1666,0.267561,
1953.2500,0.840105,
1953.3334,0.427580,
1953.4166,0.500235,
1953.5000,0.312204,
1953.5834,0.119776,
1953.6666,0.728676,
1953.7500,0.153248,
1953.8334,0.369106,
1953.9166,0.167982,
1954.0000,0.440001,
1954.0834,0.229126,
1954.1666,0.653305E-01
1954.2500,-0.255056,
1954.3334,-0.453730,
1954.4166,-0.720205,
1954.5000,-0.910387,
1954.5834,-0.996855,
1954.6666,-0.977194,
1954.7500,-0.863392,
1954.8334,-1.10524,
1954.9166,-0.781137,
1955.0000,-0.614679,
1955.0834,-0.768713,
1955.1666,-0.753220,
1955.2500,-0.875265,
1955.3334,-1.15216,
1955.4166,-1.11740,
1955.5000,-1.20165,
1955.5834,-0.827265,
1955.6666,-1.27484,
1955.7500,-1.54244,
1955.8334,-1.85334,
1955.9166,-1.50480,
1956.0000,-1.17714,
1956.0834,-0.958914,
1956.1666,-0.886070,
1956.2500,-0.713015,
1956.3334,-0.504990,
1956.4166,-0.738916,
1956.5000,-0.829426,
1956.5834,-0.730366,
1956.6666,-0.845533,
1956.7500,-0.637802,
1956.8334,-0.956814,
1956.9166,-0.565088,
1957.0000,-0.525240,
1957.0834,-0.234003,
1957.1666,0.138931,
1957.2500,0.492735,
1957.3334,0.529041,
1957.4166,0.634155,
1957.5000,0.810364,
1957.5834,0.876776,
1957.6666,0.586256,
1957.7500,0.797678,
1957.8334,1.15075,
1957.9166,1.19816,
1958.0000,1.59300,
1958.0834,1.40918,
1958.1666,1.03583,
1958.2500,0.368664,
1958.3334,0.396900,
1958.4166,0.387684,
1958.5000,0.149445,
1958.5834,0.321625,
1958.6666,-0.257223,
1958.7500,0.140476E-01
1958.8334,0.109186,
1958.9166,0.312923,
1959.0000,0.481060,
1959.0834,0.513826,
1959.1666,0.305010,
1959.2500,0.341125,
1959.3334,0.677910E-01
1959.4166,-0.238586,
1959.5000,-0.164427,
1959.5834,-0.330336,
1959.6666,-0.478994,
1959.7500,0.170809,
1959.8334,-0.104914,
1959.9166,-0.248871E-01
1960.0000,0.748310E-01
1960.0834,-0.224394,
1960.1666,-0.249500E-01
1960.2500,0.854454E-01
1960.3334,0.143480,
1960.4166,-0.105446,
1960.5000,-0.127686,
1960.5834,0.911446E-01
1960.6666,0.979366E-01
1960.7500,-0.957108E-02
1960.8334,-0.315384,
1960.9166,0.373821E-01
1961.0000,-0.999393E-01
1961.0834,0.587463E-01
1961.1666,-0.367889E-01
1961.2500,0.211964,
1961.3334,0.840111E-01
1961.4166,0.197765,
1961.5000,-0.204876,
1961.5834,-0.173784,
1961.6666,-0.467764,
1961.7500,-0.662283,
1961.8334,-0.122974,
1961.9166,-0.260748,
1962.0000,-0.179089,
1962.0834,-0.135523,
1962.1666,-0.351860,
1962.2500,-0.250385,
1962.3334,-0.339310,
1962.4166,-0.129566,
1962.5000,-0.183516,
1962.5834,-0.403557E-01
1962.6666,-0.500454,
1962.7500,-0.272802,
1962.8334,-0.371834,
1962.9166,-0.473658,
1963.0000,-0.265970,
1963.0834,-0.240143,
1963.1666,0.251961E-02
1963.2500,0.222549E-01
1963.3334,0.873413E-01
1963.4166,0.228235,
1963.5000,0.850044,
1963.5834,0.994085,
1963.6666,0.711416,
1963.7500,0.888727,
1963.8334,0.810726,
1963.9166,1.07607,
1964.0000,0.809841,
1964.0834,0.560446,
1964.1666,-0.111460,
1964.2500,-0.465546,
1964.3334,-0.659479,
1964.4166,-0.791246,
1964.5000,-0.523077,
1964.5834,-0.671455,
1964.6666,-0.865133,
1964.7500,-0.944202,
1964.8334,-1.04063,
1964.9166,-1.05623,
1965.0000,-0.524239,
1965.0834,-0.343134,
1965.1666,-0.284939,
1965.2500,-0.134048E-01
1965.3334,0.274090,
1965.4166,0.548325,
1965.5000,0.927654,
1965.5834,1.34011,
1965.6666,1.32205,
1965.7500,1.67241,
1965.8334,1.61870,
1965.9166,1.47551,
1966.0000,1.18368,
1966.0834,0.847126,
1966.1666,0.861921,
1966.2500,0.618855,
1966.3334,0.188599E-01
1966.4166,0.221054,
1966.5000,0.337473,
1966.5834,-0.289059E-01
1966.6666,-0.325394E-02
1966.7500,-0.812531E-03
1966.8334,-0.314735,
1966.9166,-0.248568,
1967.0000,-0.495050,
1967.0834,-0.541714,
1967.1666,-0.412390,
1967.2500,-0.459175,
1967.3334,-0.156359,
1967.4166,-0.294952E-01
1967.5000,0.116043E-01
1967.5834,-0.224014,
1967.6666,-0.531605,
1967.7500,-0.336832,
1967.8334,-0.282515,
1967.9166,-0.341688,
1968.0000,-0.568039,
1968.0834,-0.744883,
1968.1666,-0.717480,
1968.2500,-0.398396,
1968.3334,-0.356298,
1968.4166,0.281145,
1968.5000,0.438663,
1968.5834,0.417404,
1968.6666,0.114237,
1968.7500,0.370777,
1968.8334,0.826355,
1968.9166,0.782343,
1969.0000,0.939510,
1969.0834,1.02150,
1969.1666,0.646980,
1969.2500,0.391575,
1969.3334,0.463831,
1969.4166,0.356815,
1969.5000,0.214264,
1969.5834,0.600426,
1969.6666,0.528715,
1969.7500,0.717937,
1969.8334,0.815746,
1969.9166,0.702532,
1970.0000,0.595310,
1970.0834,0.368706,
1970.1666,0.310221,
1970.2500,0.243584,
1970.3334,0.816402E-01
1970.4166,-0.222235,
1970.5000,-0.876486,
1970.5834,-0.883785,
1970.6666,-0.733274,
1970.7500,-0.600372,
1970.8334,-0.789764,
1970.9166,-1.09575,
1971.0000,-1.41523,
1971.0834,-1.26996,
1971.1666,-1.23919,
1971.2500,-0.903816,
1971.3334,-0.742130,
1971.4166,-0.695326,
1971.5000,-0.521816,
1971.5834,-0.568325,
1971.6666,-0.692764,
1971.7500,-0.736723,
1971.8334,-0.799685,
1971.9166,-0.892168,
1972.0000,-0.534290,
1972.0834,-0.210104,
1972.1666,-0.206890,
1972.2500,0.275764,
1972.3334,0.402161,
1972.4166,0.740234,
1972.5000,0.944603,
1972.5834,1.39784,
1972.6666,1.25120,
1972.7500,1.82839,
1972.8334,1.95064,
1972.9166,2.22238,
1973.0000,1.65373,
1973.0834,1.09940,
1973.1666,0.628740,
1973.2500,-0.455856E-03
1973.3334,-0.486500,
1973.4166,-0.769396,
1973.5000,-1.03434,
1973.5834,-1.12873,
1973.6666,-1.34683,
1973.7500,-1.53353,
1973.8334,-2.01587,
1973.9166,-2.15945,
1974.0000,-1.97541,
1974.0834,-1.49544,
1974.1666,-1.38680,
1974.2500,-0.925825,
1974.3334,-0.712410,
1974.4166,-0.607056,
1974.5000,-0.525427,
1974.5834,-0.227474,
1974.6666,-0.285294,
1974.7500,-0.698872,
1974.8334,-0.896465,
1974.9166,-0.842337,
1975.0000,-0.317539,
1975.0834,-0.320423,
1975.1666,-0.550280,
1975.2500,-0.518166,
1975.3334,-0.924559,
1975.4166,-1.17400,
1975.5000,-1.12192,
1975.5834,-1.06984,
1975.6666,-1.37908,
1975.7500,-1.41776,
1975.8334,-1.39425,
1975.9166,-1.62246,
1976.0000,-1.76501,
1976.0834,-1.04583,
1976.1666,-0.626049,
1976.2500,-0.351486,
1976.3334,-0.411989,
1976.4166,0.942345E-01
1976.5000,0.277714,
1976.5834,0.403015,
1976.6666,0.630636,
1976.7500,0.913017,
1976.8334,0.951296,
1976.9166,0.664003,
1977.0000,0.896191,
1977.0834,0.566776,
1977.1666,0.446609,
1977.2500,-0.186636,
1977.3334,0.516605E-01
1977.4166,0.449055,
1977.5000,0.553644,
1977.5834,0.322245,
1977.6666,0.489666,
1977.7500,0.943758,
1977.8334,1.09595,
1977.9166,1.10092,
1978.0000,0.769390,
1978.0834,0.519197,
1978.1666,0.112141,
1978.2500,-0.307716,
1978.3334,-0.418098,
1978.4166,-0.358776,
1978.5000,-0.364437,
1978.5834,-0.533396,
1978.6666,-0.541325,
1978.7500,-0.288841,
1978.8334,-0.899754E-01
1978.9166,0.940533E-01
1979.0000,0.915413E-01
1979.0834,0.101566,
1979.1666,0.173441,
1979.2500,0.246214,
1979.3334,-0.260925E-02
1979.4166,0.132654,
1979.5000,-0.894260E-01
1979.5834,0.302475,
1979.6666,0.543627,
1979.7500,0.375978,
1979.8334,0.417965,
1979.9166,0.708153,
1980.0000,0.595881,
1980.0834,0.337708,
1980.1666,0.141361,
1980.2500,0.265854,
1980.3334,0.210150,
1980.4166,0.457134,
1980.5000,0.129944,
1980.5834,-0.154005,
1980.6666,-0.755234E-01
1980.7500,-0.677719E-01
1980.8334,0.154566,
1980.9166,0.374023,
1981.0000,-0.412779,
1981.0834,-0.446844,
1981.1666,0.270901E-01
1981.2500,-0.982151E-01
1981.3334,-0.240688E-01
1981.4166,-0.574856E-01
1981.5000,-0.318056,
1981.5834,-0.954342E-01
1981.6666,-0.943375E-02
1981.7500,0.188274E-01
1981.8334,-0.202475,
1981.9166,0.794220E-01
1982.0000,0.175209E-01
1982.0834,-0.109333,
1982.1666,0.366497E-01
1982.2500,0.315134,
1982.3334,0.731670,
1982.4166,1.01423,
1982.5000,0.749994,
1982.5834,1.01657,
1982.6666,1.45175,
1982.7500,2.05959,
1982.8334,2.15092,
1982.9166,2.37697,
1983.0000,2.50554,
1983.0834,2.25759,
1983.1666,1.76648,
1983.2500,1.21397,
1983.3334,1.21896,
1983.4166,0.718235,
1983.5000,0.587463E-02
1983.5834,-0.397148E-01
1983.6666,-0.434553,
1983.7500,-0.982113,
1983.8334,-1.07192,
1983.9166,-0.932768,
1984.0000,-0.742239,
1984.0834,-0.511374,
1984.1666,-0.415779,
1984.2500,-0.518435,
1984.3334,-0.552599,
1984.4166,-0.809986,
1984.5000,-0.286566,
1984.5834,-0.313765,
1984.6666,-0.292383,
1984.7500,-0.784122,
1984.8334,-1.11569,
1984.9166,-1.51877,
1985.0000,-0.841930,
1985.0834,-0.900173,
1985.1666,-0.905289,
1985.2500,-0.907206,
1985.3334,-0.814529,
1985.4166,-0.666796,
1985.5000,-0.489656,
1985.5834,-0.412806,
1985.6666,-0.514334,
1985.7500,-0.594563,
1985.8334,-0.372435,
1985.9166,-0.386648,
1986.0000,-0.740799,
1986.0834,-0.630323,
1986.1666,-0.451069,
1986.2500,-0.329786,
1986.3334,-0.389309,
1986.4166,0.123043E-01
1986.5000,0.271433,
1986.5834,0.311926,
1986.6666,0.642136,
1986.7500,0.950268,
1986.8334,1.10975,
1986.9166,1.00037,
1987.0000,1.25380,
1987.0834,1.19321,
1987.1666,1.29737,
1987.2500,0.967125,
1987.3334,0.997900,
1987.4166,1.33191,
1987.5000,1.45960,
1987.5834,1.56952,
1987.6666,1.59071,
1987.7500,1.41345,
1987.8334,1.35343,
1987.9166,1.06746,
1988.0000,0.742121,
1988.0834,0.366037,
1988.1666,0.342281,
1988.2500,-0.414305,
1988.3334,-0.969719,
1988.4166,-1.37547,
1988.5000,-1.43074,
1988.5834,-1.36954,
1988.6666,-1.28531,
1988.7500,-2.04216,
1988.8334,-2.11856,
1988.9166,-1.96668,
1989.0000,-1.89728,
1989.0834,-1.35260,
1989.1666,-1.26624,
1989.2500,-1.03167,
1989.3334,-0.711939,
1989.4166,-0.543705,
1989.5000,-0.344397,
1989.5834,-0.500025,
1989.6666,-0.329794,
1989.7500,-0.349663,
1989.8334,-0.236534,
1989.9166,-0.114677,
1990.0000,0.681210E-01
1990.0834,0.368826,
1990.1666,0.249441,
1990.2500,0.331085,
1990.3334,0.409250,
1990.4166,0.912437E-01
1990.5000,0.260744,
1990.5834,0.249165,
1990.6666,0.165556,
1990.7500,0.168098,
1990.8334,0.128296,
1990.9166,0.321413,
1991.0000,0.548571,
1991.0834,0.325487,
1991.1666,0.151390,
1991.2500,0.278885,
1991.3334,0.516960,
1991.4166,0.741035,
1991.5000,0.738783,
1991.5834,0.506695,
1991.6666,0.273066,
1991.7500,0.952278,
1991.8334,1.20119,
1991.9166,1.64476,
1992.0000,1.67591,
1992.0834,1.64914,
1992.1666,1.56379,
1992.2500,1.49036,
1992.3334,1.36208,
1992.4166,0.625185,
1992.5000,0.385214,
1992.5834,-0.729656E-01
1992.6666,-0.915432E-01
1992.7500,-0.303402,
1992.8334,-0.848637E-01
1992.9166,0.512333E-01
1993.0000,0.312201,
1993.0834,0.431946,
1993.1666,0.524410,
1993.2500,0.993155,
1993.3334,1.01807,
1993.4166,0.728554,
1993.5000,0.433023,
1993.5834,0.231276,
1993.6666,0.308136,
1993.7500,0.404278,
1993.8334,0.342455,
1993.9166,0.203823,
1994.0000,0.845013E-01
1994.0834,-0.146534,
1994.1666,-0.101891E-01
1994.2500,0.103714,
1994.3334,0.216831,
1994.4166,0.358284,
1994.5000,0.262774,
1994.5834,0.591764,
1994.6666,0.444756,
1994.7500,0.937788,
1994.8334,1.19480,
1994.9166,1.22382,
1995.0000,1.14300,
1995.0834,0.883926,
1995.1666,0.534231,
1995.2500,0.332504,
1995.3334,0.103350,
1995.4166,0.166864,
1995.5000,0.142384,
1995.5834,-0.304825,
1995.6666,-0.519005,
1995.7500,-0.680912,
1995.8334,-0.727804,
1995.9166,-0.714447,
1996.0000,-0.602409,
1996.0834,-0.646734,
1996.1666,-0.423820,
1996.2500,-0.263735,
1996.3334,-0.322618,
1996.4166,-0.297356E-01
1996.5000,-0.239658E-01
1996.5834,-0.216295,
1996.6666,-0.284414,
1996.7500,-0.228262,
1996.8334,-0.241705,
1996.9166,-0.416218,
1997.0000,-0.386589,
1997.0834,-0.224792,
1997.1666,-0.118198E-01
1997.2500,0.408764,
1997.3334,0.958780,
1997.4166,1.25143,
1997.5000,1.73019,
1997.5834,2.03502,
1997.6666,2.17817,
1997.7500,2.36526,
1997.8334,2.51216,
1997.9166,2.34623,
1998.0000,2.49331,
1998.0834,2.11735,
1998.1666,1.55745,
1998.2500,0.988174,
1998.3334,0.781050,
1998.4166,-0.298855,
1998.5000,-0.619556,
1998.5834,-0.751245,
1998.6666,-0.767315,
1998.7500,-1.13657,
1998.8334,-1.16073,
1998.9166,-1.48839,
1999.0000,-1.47404,
1999.0834,-1.39078,
1999.1666,-0.859049,
1999.2500,-0.734625,
1999.3334,-0.786160,
1999.4166,-0.863316,
1999.5000,-0.722095,
1999.5834,-0.903364,
1999.6666,-0.783255,
1999.7500,-0.984472,
1999.8334,-1.34994,
1999.9166,-1.52404,
2000.0000,-1.74590,
2000.0834,-1.51677,
2000.1666,-1.20046,
2000.2500,-0.718666,
2000.3334,-0.709690,
2000.4166,-0.662676,
2000.5000,-0.453497,
2000.5834,-0.275785,
2000.6666,-0.337244,
2000.7500,-0.501171,
2000.8334,-0.684565,
2000.9166,-0.900097,
2001.0000,-0.824989,
2001.0834,-0.606064,
2001.1666,-0.419899,
2001.2500,-0.221546,
2001.3334,-0.216520,
2001.4166,-0.237446E-01
2001.5000,0.121695,
2001.5834,0.374413E-02
2001.6666,-0.238865,
2001.7500,-0.217293,
2001.8334,-0.227835,
2001.9166,-0.454758,
2002.0000,-0.100779,
2002.0834,0.116158E-01
2002.1666,0.156021,
2002.2500,0.207104,
2002.3334,0.290442,
2002.4166,0.772114,
2002.5000,0.681435,
2002.5834,0.773254,
2002.6666,0.867537,
2002.7500,1.20652,
2002.8334,1.47164,
2002.9166,1.43332,
2003.0000,1.02512,
2003.0834,0.644726,
2003.1666,0.530460,
2003.2500,0.359745E-01
2003.3334,-0.447239,
2003.4166,-0.109926,
2003.5000,0.257504,
2003.5834,0.128025,
2003.6666,0.202606,
2003.7500,0.503428,
2003.8334,0.450905,
2003.9166,0.334932,
2004.0000,0.308521,
2004.0834,0.182026,
2004.1666,-0.474701E-01
2004.2500,0.134005,
2004.3334,0.180401,
2004.4166,0.224455,
2004.5000,0.523924,
2004.5834,0.745825,
2004.6666,0.718046,
2004.7500,0.775108,
2004.8334,0.674355,
2004.9166,0.722803,
2005.0000,0.601950,
2005.0834,0.267757,
2005.1666,0.326960,
2005.2500,0.354324,
2005.3334,0.384710,
2005.4166,0.312084,
2005.5000,0.108624,
2005.5834,0.380745E-01
2005.6666,-0.308838E-01
2005.7500,-0.100311,
2005.8334,-0.382664,
2005.9166,-0.744577,
2006.0000,-0.935179,
2006.0834,-0.694653,
2006.1666,-0.682030,
2006.2500,-0.233025,
2006.3334,-0.227795E-01
2006.4166,0.178455,
2006.5000,0.141294,
2006.5834,0.450436,
2006.6666,0.680416,
2006.7500,0.804567,
2006.8334,1.03991,
2006.9166,1.11811,
2007.0000,0.640121,
2007.0834,0.133127,
2007.1666,-0.999088E-01
2007.2500,-0.896759E-01
2007.3334,-0.312700,
2007.4166,-0.774155E-01
2007.5000,-0.258196,
2007.5834,-0.492756,
2007.6666,-0.989334,
2007.7500,-1.36843,
2007.8334,-1.52948,
2007.9166,-1.59679,
2008.0000,-1.73797,
2008.0834,-1.68186,
2008.1666,-1.11206,
2008.2500,-0.814606,
2008.3334,-0.556700,
2008.4166,-0.350315,
2008.5000,0.830231E-01
2008.5834,0.477943E-01
2008.6666,-0.214874,
2008.7500,-0.246113,
2008.8334,-0.298925,
2008.9166,-0.885538,
2009.0000,-0.954830,
2009.0834,-0.696712,
2009.1666,-0.669889,
2009.2500,-0.180956,
2009.3334,0.259760,
2009.4166,0.579334,
2009.5000,0.808983,
2009.5834,0.699465,
2009.6666,0.741785,
2009.7500,1.00060,
2009.8334,1.55816,
2009.9166,1.82676,
2010.0000,1.47222,
2010.0834,1.18857,
2010.1666,1.11800,
2010.2500,0.625395,
2010.3334,-0.681190E-01
2010.4166,-0.533806,
2010.5000,-0.777515,
2010.5834,-1.24558,
2010.6666,-1.50480,
2010.7500,-1.60583,
2010.8334,-1.51194,
2010.9166,-1.61198,
2011.0000,-1.65027,
2011.0834,-1.24587,
2011.1666,-0.937380,
2011.2500,-0.664036,
2011.3334,-0.443378,
2011.4166,-0.159916,
2011.5000,-0.107246,
2011.5834,-0.575066,
2011.6666,-0.699875,
2011.7500,-0.878983,
2011.8334,-1.03607,
2011.9166,-1.02748,
2012.0000,-0.874010,
2012.0834,-0.590204,
2012.1666,-0.420410,
2012.2500,-0.217846,
2012.3334,-0.910187E-01
2012.4166,0.234724,
2012.5000,0.564823,
2012.5834,0.751425,
2012.6666,0.496777,
2012.7500,0.273977,
2012.8334,0.390446,
2012.9166,-0.122118,
2013.0000,-0.376839,
2013.0834,-0.393093,
2013.1666,-0.807095E-01
2013.2500,-0.179482E-02
2013.3334,-0.196049,
2013.4166,-0.246046,
2013.5000,-0.173586,
2013.5834,-0.214624,
2013.6666,-0.421238E-01
2013.7500,-0.196272,
2013.8334,0.417252E-01
2013.9166,-0.710869E-01
2014.0000,-0.370739,
2014.0834,-0.438114,
2014.1666,-0.189991E-01
2014.2500,0.351734,
2014.3334,0.535210,
2014.4166,0.570955,
2014.5000,0.245653,
2014.5834,0.218115,
2014.6666,0.423216,
2014.7500,0.531967,
2014.8334,0.954586,
2014.9166,0.792913,
2015.0000,0.636351,
2015.0834,0.587008,
2015.1666,0.521631,
2015.2500,0.971554,
2015.3334,1.11736,
2015.4166,1.36957,
2015.5000,1.67817,
2015.5834,1.96095,
2015.6666,2.07410,
2015.7500,2.27425,
2015.8334,2.64734,
2015.9166,2.58937,
2016.0000,2.63269,
2016.0834,2.13336,
2016.1666,1.65564,
2016.2500,1.12255,
2016.3334,0.530180,
2016.4166,0.147015,
2016.5000,-0.142776,
2016.5834,-0.402025,
2016.6666,-0.406155,
2016.7500,-0.700743,
2016.8334,-0.572985,
2016.9166,-0.502897,
2017.0000,-0.284880,
2017.0834,0.939751E-02
2017.1666,-0.375595E-01
2017.2500,0.294485,
2017.3334,0.384811,
2017.4166,0.306225,
2017.5000,0.328903,
2017.5834,-0.111355,
2017.6666,-0.509554,
2017.7500,-0.482582,
2017.8334,-0.789955,
2017.9166,-0.842607,
2018.0000,-0.820829,
2018.0834,-0.729483,
2018.1666,-0.685110,
2018.2500,-0.290836,
2018.3334,-0.400791E-01
2018.4166,0.207804,
2018.5000,0.380493,
2018.5834,0.125425,
2018.6666,0.351706,
2018.7500,0.886438,
2018.8334,1.06139,
2018.9166,0.985653,
2019.0000,0.563250,
2019.0834,0.631887,
2019.1666,0.858120,
2019.2500,0.741644,
2019.3334,0.695421,
2019.4166,0.742464,
2019.5000,0.519623,
2019.5834,0.271315,
2019.6666,0.154985,
2019.7500,0.595419,
2019.8334,0.798555,
2019.9166,0.524103,
2020.0000,0.681171,
2020.0834,0.490927,
2020.1666,0.406830,
2020.2500,0.564554,
2020.3334,-0.414200E-01
2020.4166,-0.128826,
2020.5000,0.674934E-01
2020.5834,-0.341616,
2020.6666,-0.607735,
2020.7500,-1.14831,
2020.8334,-0.960775,
2020.9166,-0.961628,
2021.0000,-0.982880,
2021.0834,-0.926313,

